¹1 -------------
 1  1  1  1  1  1 
 0  1  1  1  1  1 
 0  0  1  1  1  0 
 0  0  1  1  1  0 
 0  0  1  1  1  0 
 0  1  1  1  1  1 
¹2 -------------
 1  1  0  0  1  0 
 0  1  0  1  0  1 
 0  0  1  1  0  0 
 1  1  1  0  1  1 
 0  1  1  0  1  0 
 1  1  0  1  0  1 
¹3 -------------
 1  0  1  1  0  0 
 0  1  0  0  0  1 
 1  0  1  1  0  0 
 1  0  1  1  0  0 
 0  0  0  0  1  0 
 0  1  0  0  0  1 
¹4 -------------
 1  1  1  1  1  0 
 0  1  1  0  1  0 
 0  0  1  0  0  0 
 0  1  1  1  1  0 
 0  0  1  0  1  0 
 1  1  1  1  1  1 
¹5 -------------
 0  1  0  1  1  0 
 0  0  0  0  0  0 
 1  1  0  1  1  1 
 0  0  0  0  0  0 
 0  0  0  0  0  0 
 0  1  0  1  1  0 
¹6 -------------
 0  1  1  1  1  0 
 0  1  0  0  1  1 
 0  1  0  0  0  1 
 0  0  1  1  0  0 
 1  0  1  0  0  0 
 0  1  0  1  0  1 
¹7 -------------
 0  0  0  1  0  1 
 1  0  0  1  0  1 
 1  1  0  1  1  1 
 0  0  0  0  0  1 
 1  1  0  1  0  1 
 0  0  0  0  0  0 
¹8 -------------
 0  0  0  0  0  0 
 1  0  1  1  0  0 
 0  0  0  0  0  0 
 0  0  0  0  0  0 
 1  1  1  1  0  1 
 1  0  1  1  0  0 
